4637
4638
4640
4641
4650
4661
4664
4667
4669
4674
4680
4684
4687
4693
4695
4696
4702
4710
4717
4718
4734
4746
4749
4756
4761
4769
4787
4798
4803
4804
4805
4809
4811
4815
4816
4818
4823
4825
4832
4833
4835
4836
4837
4843
4845
4846
4847
4861
4863
4869
4871
4874
4875
4879
4883
4891
4895
4899
4901
4903
4909
4911
4914
4925
4926
4140
4141
4142
4143
4144
4145
4146
4156
4160
4161
4162
4163
4164
4169
4170
4172
4173
4176
4178
4180
4182
4183
4185
4186
4187
4188
4189
4190
4191
4192
4193
4194
4195
4196
4197
4198
4199
4200
4201
4202
4203
4204
4205
4206
4207
4208
4209
4210
4211
4212
4213
4214
4215
4216
4217
4218
4219
4220
4221
4222
4223
4224
4225
4226
4227
4228
4229
4230
4231
4232
4233
4234
4235
4236
4237
4238
4239
4240
4241
4242
4243
4244
4245
4246
4247
4248
4249
4250
4251
4252
4253
4254
4255
4256
4257
4258
4259
4260
4261
4262
4263
4264
4265
4266
4267
4268
4269
4270
4271
4272
4273
4274
4275
4276
4277
4278
4279
4280
4281
4282
4283
4284
4285
4286
4287
4288
4289
4343
4344
4348
4350
4351
4352
4354
4355
4357
4359
4361
4365
4367
4368
4369
4371
4373
4374
4375
4377
4381
4383
4387
4400
4421
4433
4440
4445
4448
4467
4474
4488
4493
4495
4497
4501
4502
4503
4512
4522
4523
4526
4531
4540
4555
4559
4570
4576
4588
4590
4594
4595
4606
4607
4612
4616
4624
4629
4290
4291
4292
4293
4294
4295
4296
4297
4298
4299
4300
4301
4302
4303
4304
4305
4306
4307
4308
4309
4310
4313
4315
4317
4322
4323
4324
4326
4328
4331
4332
4335
4337
4338
2001
2007
2009
2013
2014
2017
2023
2036
2044
2045
2050
2054
2055
2056
2057
2080
2082
2083
2087
2089
2091
2096
2108
2114
2116
2118
2123
2129
2136
2141
2150
2152
2153
2158
2161
2162
2164
2165
2166
2167
2169
2172
2173
2174
2176
2179
2182
2186
2189
2193
2194
2195
2196
2198
2199
2201
2202
2203
2204
2206
2222
2223
2224
2230
2233
2236
2238
2239
2240
2242
2243
2245
2246
2250
2251
2254
2255
2256
2257
2258
2261
2267
2269
2270
2271
2272
2273
2274
2276
2277
2280
2281
2282
2284
2286
2288
2291
2294
2297
2298
2306
2307
2310
2311
2312
2315
2317
2318
2319
2320
2326
2327
2328
2329
2332
2333
2337
2338
2341
2343
2345
2346
2348
2350
2352
2356
2358
2359
2360
2361
2363
2367
2369
2371
2374
2375
2377
2378
2381
2384
2388
2390
2392
2394
2396
2398
2401
2402
2403
2404
2408
2409
2410
2411
2415
2416
2417
2419
2420
2422
2428
2430
2438
2440
2443
2444
2447
2453
2454
2456
2458
2459
2463
2464
2468
2470
2473
2474
2480
2481
2484
2487
2489
2491
2493
2494
2496
2497
2498
2500
2507
2508
2509
2513
2517
2518
2520
2522
2523
2529
2530
2531
2532
2535
2536
2538
2550
2551
2553
2556
2560
2561
2563
2564
2569
2572
2573
2574
2577
2580
2582
2583
2588
2591
2592
2595
2596
2600
2605
2606
2612
2613
2618
2624
2625
2626
2629
2633
2635
2636
2637
2643
2644
2646
2649
2651
2654
2656
2659
2664
2665
2666
2668
2670
2671
2673
2674
2680
2681
2682
2685
2686
2687
2688
2694
2695
2696
2697
2698
2699
2700
2701
2704
2705
2706
2712
2714
2715
2718
2720
2721
2722
2725
2727
2728
2730
2731
2732
2735
2737
2738
2739
2740
2742
2746
2747
2748
2750
2757
2758
2760
2762
2763
2764
2765
2769
2771
2777
2778
2779
2781
2783
2786
2787
2791
2795
2796
2798
2799
2801
2802
2804
2805
2807
2808
2809
2810
2811
2813
2814
2815
2816
2817
2822
2823
2824
2825
2829
2831
2833
2841
2843
2845
2846
2848
2850
2852
2853
2855
2856
2859
2861
2863
2864
2865
2867
2869
2872
2873
2878
2882
2885
2886
2890
2891
2892
2894
2895
2899
2901
2911
2912
2914
2916
2918
2919
2920
2922
2923
2925
2928
2931
2933
2936
2937
2939
2940
2941
2943
2951
2958
2961
2964
2966
2973
2978
2979
2980
2985
2986
2987
2988
2990
2997
3005
3006
3008
3010
3017
3022
3024
3026
3027
3031
3032
3033
3037
3043
3044
3048
3053
3058
3060
3066
3078
3079
3084
3089
3091
3094
3098
3100
3101
3106
3109
3110
3112
3114
3116
3117
3119
3122
3123
3125
3126
3127
3128
3132
3137
3141
3147
3149
3153
3157
3160
3163
3164
3165
3172
3176
3177
3178
3179
3180
3183
3192
3193
3197
3199
3217
3218
3220
3222
3224
3240
3241
3243
3248
3249
3258
3261
3262
3263
3264
3273
3274
3277
3278
3285
3287
3289
3292
3295
3297
3298
3299
3301
3302
3305
3307
3308
3312
3314
3316
3318
3321
3322
3323
3329
3335
3336
3337
3339
3341
3347
3348
3350
3356
3357
3358
3366
3370
3374
3376
3378
3380
3385
3388
3390
3391
3392
3394
3395
3396
3400
3401
3404
3407
3410
3412
3413
3415
3416
3418
3422
3423
3430
3432
3434
3436
3437
3438
3440
3442
3444
3446
3452
3456
3459
3461
3462
3465
3466
3468
3470
3471
3472
3474
3475
3477
3478
3479
3480
3481
3482
3483
3484
3485
3486
3488
3490
3492
3493
3494
3498
3499
3501
3502
3505
3507
3510
3511
3512
3516
3519
3522
3529
3531
3532
3534
3536
3538
3540
3542
3544
3545
3546
3547
3548
3552
3553
3555
3558
3559
3560
3562
3564
3566
3568
3571
3572
3575
3577
3578
3579
3581
3582
3583
3585
3588
3589
3590
3592
3593
3594
3598
3599
3600
3601
3602
3603
3604
3605
3608
3609
3610
3611
3612
3614
3616
3617
3618
3619
3620
3621
3622
3623
3625
3627
3629
3630
3631
3632
3634
3635
3637
3640
3641
3643
3644
3645
3648
3649
3650
3652
3653
3654
3656
3661
3664
3667
3668
3669
3670
3671
3672
3673
3674
3677
3678
3679
3683
3684
3685
3687
3689
3690
3695
3698
3700
3701
3702
3704
3705
3706
3708
3710
3712
3713
3714
3715
3717
3718
3719
3721
3722
3724
3726
3729
3730
3731
3732
3733
3737
3739
3740
3741
3742
3744
3748
3749
3752
3753
3755
3757
3758
3759
3761
3762
3765
3766
3767
3771
3772
3775
3778
3779
3780
3782
3783
3785
3786
3787
3789
3790
3792
3793
3794
3795
3799
3800
3806
3807
3808
3812
3814
3816
3817
3818
3819
3820
3822
3823
3824
3826
3827
3829
3831
3832
3833
3834
3835
3836
3837
3839
3840
3842
3843
3844
3846
3848
3849
3851
3853
3854
3856
3857
3858
3859
3860
3861
3863
3864
3865
3866
3867
3868
3869
3871
3872
3873
3874
3875
3877
3878
3879
3880
3881
3882
3884
3885
3886
3888
3889
3890
3891
3892
3893
3894
3895
3896
3897
3899
3900
3901
3904
3905
3906
3907
3909
3910
3912
3913
3914
3915
3916
3918
3919
3920
3922
3923
3927
3928
3929
3930
3931
3932
3933
3934
3935
3937
3938
3939
3940
3941
3943
3944
3945
3947
3948
3949
3950
3951
3953
3954
3955
3957
3958
3959
3960
3961
3963
3964
3966
3967
3969
3970
3972
3973
3974
3975
3976
3977
3978
3980
3981
3982
3984
3986
3987
3989
3990
3991
3992
3995
3996
3997
3998
3999
4000
4001
4003
4005
4006
4007
4009
4010
4011
4012
4014
4015
4016
4017
4018
4020
4021
4024
4025
4027
4029
4030
4031
4034
4035
4039
4040
4041
4042
4043
4044
4045
4046
4047
4052
4053
4054
4057
4058
4059
4062
4063
4065
4066
4067
4068
4069
4070
4073
4075
4076
4081
4083
4084
4085
4086
4087
4088
4089
4091
4093
4094
4095
4097
4098
4100
4105
4106
4107
4110
4111
4112
4115
4116
4117
4118
4119
4120
4121
4122
4124
4125
4126
4128
4131
4132
4134
4135
4136
4139